test/00000001.jpg 84 57 61 56 85
test/00000002.jpg 2 53 81 97 68
test/00000003.jpg 45 59 63 38 62
test/00000004.jpg 7 54 60 26 25
test/00000005.jpg 6 89 46 17 66
test/00000006.jpg 95 74 47 73 81
test/00000007.jpg 51 99 30 92 21
test/00000008.jpg 10 26 94 66 14
test/00000009.jpg 88 22 11 14 41
test/00000010.jpg 45 63 14 78 38
test/00000011.jpg 36 3 65 48 25
test/00000012.jpg 41 89 96 83 92
test/00000013.jpg 20 36 91 34 1
test/00000014.jpg 16 83 18 41 64
test/00000015.jpg 45 59 6 70 54
test/00000016.jpg 58 17 6 59 70
test/00000017.jpg 30 96 2 46 86
test/00000018.jpg 23 22 90 11 66
test/00000019.jpg 4 88 49 11 23
test/00000020.jpg 96 90 89 36 7
test/00000021.jpg 26 21 65 8 13
test/00000022.jpg 95 22 11 15 23
test/00000023.jpg 25 59 1 45 63
test/00000024.jpg 4 88 57 49 93
test/00000025.jpg 95 74 15 26 86
test/00000026.jpg 56 84 36 1 7
test/00000027.jpg 12 92 77 82 21
test/00000028.jpg 62 18 45 16 38
test/00000029.jpg 6 64 17 66 34
test/00000030.jpg 87 21 30 7 77
test/00000031.jpg 33 58 74 17 18
test/00000032.jpg 56 84 52 19 24
test/00000033.jpg 7 36 54 4 91
test/00000034.jpg 47 34 64 26 20
test/00000035.jpg 57 19 2 55 43
test/00000036.jpg 36 90 14 25 7
test/00000037.jpg 4 88 49 8 22
test/00000038.jpg 36 90 56 86 72
test/00000039.jpg 44 84 35 57 61
test/00000040.jpg 1 36 25 22 48
test/00000041.jpg 7 20 36 34 30
test/00000042.jpg 1 90 22 50 25
test/00000043.jpg 80 26 29 17 10
test/00000044.jpg 95 10 93 49 65
test/00000045.jpg 51 75 15 30 2
test/00000046.jpg 88 8 3 49 85
test/00000047.jpg 35 61 98 52 97
test/00000048.jpg 34 59 60 25 20
test/00000049.jpg 41 83 64 16 6
test/00000050.jpg 40 9 29 35 97
test/00000051.jpg 66 11 23 15 22
test/00000052.jpg 44 97 9 68 98
test/00000053.jpg 12 92 85 77 40
test/00000054.jpg 23 66 14 20 34
test/00000055.jpg 86 1 91 7 96
test/00000056.jpg 29 80 55 9 43
test/00000057.jpg 25 59 16 62 45
test/00000058.jpg 38 62 45 33 70
test/00000059.jpg 58 54 33 78 10
test/00000060.jpg 45 41 16 64 83
test/00000061.jpg 34 58 22 70 60
test/00000062.jpg 96 9 29 44 55
test/00000063.jpg 58 33 54 10 78
test/00000064.jpg 2 9 55 43 96
test/00000065.jpg 22 58 87 95 15
test/00000066.jpg 65 86 48 33 22
test/00000067.jpg 57 52 19 81 35
test/00000068.jpg 75 74 51 87 15
test/00000069.jpg 94 39 32 3 71
test/00000070.jpg 51 0 40 32 53
test/00000071.jpg 82 5 43 30 41
test/00000072.jpg 20 28 91 10 94
test/00000073.jpg 44 6 61 67 85
test/00000074.jpg 41 89 47 73 83
test/00000075.jpg 36 7 25 1 65
test/00000076.jpg 72 50 19 53 81
test/00000077.jpg 91 74 58 65 39
test/00000078.jpg 44 61 15 4 35
test/00000079.jpg 13 33 8 58 48
test/00000080.jpg 58 6 54 59 10
test/00000081.jpg 73 41 64 83 88
test/00000082.jpg 25 22 1 11 38
test/00000083.jpg 42 46 49 5 30
test/00000084.jpg 41 0 89 69 20
test/00000085.jpg 18 62 59 63 38
test/00000086.jpg 67 93 31 9 5
test/00000087.jpg 21 87 8 65 91
test/00000088.jpg 83 54 55 16 96
test/00000089.jpg 15 76 75 87 40
test/00000090.jpg 36 38 66 23 80
test/00000091.jpg 25 73 19 83 64
test/00000092.jpg 10 13 26 28 63
test/00000093.jpg 61 98 80 29 9
test/00000094.jpg 68 75 98 32 9
test/00000095.jpg 10 14 58 88 37
test/00000096.jpg 58 62 78 33 59
test/00000097.jpg 62 59 18 45 16
test/00000098.jpg 80 94 31 67 32
test/00000099.jpg 93 55 57 35 4
test/00000100.jpg 43 96 9 55 29
test/00000101.jpg 96 39 24 89 9
test/00000102.jpg 89 10 7 19 26
test/00000103.jpg 9 29 97 98 44
test/00000104.jpg 77 12 27 92 21
test/00000105.jpg 12 77 92 27 21
test/00000106.jpg 80 31 61 30 94
test/00000107.jpg 52 72 19 50 39
test/00000108.jpg 8 2 29 80 96
test/00000109.jpg 4 41 87 88 21
test/00000110.jpg 51 40 75 99 0
test/00000111.jpg 38 70 45 18 6
test/00000112.jpg 12 92 77 30 21
test/00000113.jpg 93 52 94 24 71
test/00000114.jpg 41 6 54 69 64
test/00000115.jpg 79 92 76 5 97
test/00000116.jpg 54 93 72 19 91
test/00000117.jpg 23 66 95 88 31
test/00000118.jpg 71 67 31 32 47
test/00000119.jpg 62 70 18 38 33
test/00000120.jpg 27 97 68 5 98
test/00000121.jpg 73 82 50 47 74
test/00000122.jpg 99 21 96 40 2
test/00000123.jpg 94 47 32 67 39
test/00000124.jpg 21 92 30 12 99
test/00000125.jpg 87 75 21 99 51
test/00000126.jpg 85 94 70 67 36
test/00000127.jpg 84 57 55 46 44
test/00000128.jpg 20 45 34 60 17
test/00000129.jpg 29 97 68 9 98
test/00000130.jpg 76 71 94 86 61
test/00000131.jpg 12 77 21 92 82
test/00000132.jpg 36 25 88 14 8
test/00000133.jpg 2 9 96 44 80
test/00000134.jpg 19 4 54 7 27
test/00000135.jpg 51 75 99 74 27
test/00000136.jpg 30 1 49 86 0
test/00000137.jpg 64 34 17 66 14
test/00000138.jpg 21 77 40 92 3
test/00000139.jpg 2 40 97 55 96
test/00000140.jpg 33 38 70 62 54
test/00000141.jpg 96 9 44 55 40
test/00000142.jpg 56 15 87 1 34
test/00000143.jpg 57 80 84 19 46
test/00000144.jpg 98 80 68 44 61
test/00000145.jpg 46 55 43 54 18
test/00000146.jpg 87 15 58 95 75
test/00000147.jpg 64 85 83 54 25
test/00000148.jpg 7 91 36 65 86
test/00000149.jpg 61 98 0 97 57
test/00000150.jpg 91 48 28 10 20
test/00000151.jpg 58 38 70 20 33
test/00000152.jpg 73 64 34 86 25
test/00000153.jpg 92 77 5 32 96
test/00000154.jpg 48 94 10 90 65
test/00000155.jpg 33 38 13 17 70
test/00000156.jpg 28 21 87 65 73
test/00000157.jpg 96 12 76 40 92
test/00000158.jpg 14 23 78 88 36
test/00000159.jpg 94 32 47 67 89
test/00000160.jpg 77 92 12 40 76
test/00000161.jpg 11 23 66 22 14
test/00000162.jpg 82 31 99 0 32
test/00000163.jpg 4 54 18 33 58
test/00000164.jpg 46 96 55 30 2
test/00000165.jpg 98 76 55 29 97
test/00000166.jpg 57 61 98 84 80
test/00000167.jpg 58 17 6 70 33
test/00000168.jpg 11 22 66 56 74
test/00000169.jpg 10 28 91 13 65
test/00000170.jpg 51 75 31 40 71
test/00000171.jpg 66 22 4 17 56
test/00000172.jpg 36 75 1 19 70
test/00000173.jpg 98 97 68 29 9
test/00000174.jpg 8 88 36 14 76
test/00000175.jpg 58 33 28 7 91
test/00000176.jpg 46 56 93 57 72
test/00000177.jpg 47 65 42 71 2
test/00000178.jpg 33 81 50 52 60
test/00000179.jpg 85 0 32 61 76
test/00000180.jpg 59 18 16 54 70
test/00000181.jpg 25 70 37 38 1
test/00000182.jpg 8 80 54 89 4
test/00000183.jpg 28 91 87 34 10
test/00000184.jpg 40 98 76 44 9
test/00000185.jpg 20 13 91 7 48
test/00000186.jpg 85 71 0 32 39
test/00000187.jpg 12 92 77 40 21
test/00000188.jpg 13 48 10 1 45
test/00000189.jpg 21 77 49 30 42
test/00000190.jpg 51 87 15 74 99
test/00000191.jpg 36 88 25 85 3
test/00000192.jpg 12 92 77 40 5
test/00000193.jpg 91 65 28 48 7
test/00000194.jpg 70 45 23 17 6
test/00000195.jpg 23 66 88 64 34
test/00000196.jpg 23 8 89 17 76
test/00000197.jpg 42 0 5 32 31
test/00000198.jpg 80 61 98 29 18
test/00000199.jpg 96 30 77 82 92
test/00000200.jpg 16 83 59 18 60
test/00000201.jpg 0 49 71 32 30
test/00000202.jpg 95 74 72 50 15
test/00000203.jpg 49 51 67 94 71
test/00000204.jpg 57 61 85 52 19
test/00000205.jpg 73 34 20 60 64
test/00000206.jpg 83 16 64 60 41
test/00000207.jpg 61 98 52 57 35
test/00000208.jpg 62 45 59 38 37
test/00000209.jpg 65 72 47 50 1
test/00000210.jpg 76 39 85 86 52
test/00000211.jpg 55 98 68 80 16
test/00000212.jpg 42 47 71 20 73
test/00000213.jpg 44 55 81 83 57
test/00000214.jpg 70 22 33 64 60
test/00000215.jpg 29 2 96 30 86
test/00000216.jpg 21 94 32 0 71
test/00000217.jpg 85 39 71 32 67
test/00000218.jpg 11 88 8 13 14
test/00000219.jpg 13 6 18 58 26
test/00000220.jpg 25 48 78 36 47
test/00000221.jpg 58 33 70 38 62
test/00000222.jpg 81 50 53 57 15
test/00000223.jpg 36 56 84 89 34
test/00000224.jpg 76 49 89 74 30
test/00000225.jpg 23 38 14 78 70
test/00000226.jpg 44 97 35 98 55
test/00000227.jpg 93 57 95 66 60
test/00000228.jpg 77 82 30 12 21
test/00000229.jpg 44 98 81 97 57
test/00000230.jpg 72 47 52 7 81
test/00000231.jpg 60 54 83 16 34
test/00000232.jpg 6 16 44 59 70
test/00000233.jpg 84 61 19 52 35
test/00000234.jpg 62 45 59 70 38
test/00000235.jpg 48 33 86 54 17
test/00000236.jpg 8 45 78 89 63
test/00000237.jpg 19 52 61 81 72
test/00000238.jpg 53 81 61 98 57
test/00000239.jpg 52 24 79 47 61
test/00000240.jpg 53 24 52 61 71
test/00000241.jpg 0 5 24 67 79
test/00000242.jpg 65 21 91 94 3
test/00000243.jpg 41 89 83 16 18
test/00000244.jpg 97 68 27 15 51
test/00000245.jpg 52 61 79 31 84
test/00000246.jpg 46 63 50 1 90
test/00000247.jpg 94 28 3 78 50
test/00000248.jpg 64 41 38 6 83
test/00000249.jpg 53 97 79 35 51
test/00000250.jpg 84 44 97 61 68
test/00000251.jpg 63 20 94 88 71
test/00000252.jpg 52 50 72 81 47
test/00000253.jpg 25 36 73 70 90
test/00000254.jpg 88 8 23 14 78
test/00000255.jpg 61 35 19 98 84
test/00000256.jpg 81 54 70 53 45
test/00000257.jpg 31 94 67 82 76
test/00000258.jpg 19 75 53 81 15
test/00000259.jpg 90 22 1 48 41
test/00000260.jpg 80 31 76 43 2
test/00000261.jpg 92 12 99 21 77
test/00000262.jpg 53 81 61 35 52
test/00000263.jpg 45 78 25 14 48
test/00000264.jpg 6 61 16 83 60
test/00000265.jpg 54 84 17 56 60
test/00000266.jpg 1 63 45 37 38
test/00000267.jpg 12 92 27 77 74
test/00000268.jpg 34 1 50 48 20
test/00000269.jpg 23 50 81 1 72
test/00000270.jpg 83 16 64 60 6
test/00000271.jpg 64 47 70 38 6
test/00000272.jpg 28 65 91 58 95
test/00000273.jpg 87 40 97 2 29
test/00000274.jpg 23 66 34 25 58
test/00000275.jpg 60 59 54 18 16
test/00000276.jpg 82 73 71 32 45
test/00000277.jpg 3 0 67 71 32
test/00000278.jpg 49 30 2 20 82
test/00000279.jpg 46 42 50 47 73
test/00000280.jpg 26 10 28 48 78
test/00000281.jpg 96 92 86 30 76
test/00000282.jpg 29 40 97 80 55
test/00000283.jpg 54 58 33 10 62
test/00000284.jpg 44 98 61 35 9
test/00000285.jpg 3 19 65 93 56
test/00000286.jpg 23 36 66 22 90
test/00000287.jpg 14 3 4 8 65
test/00000288.jpg 40 96 51 27 76
test/00000289.jpg 29 9 2 76 96
test/00000290.jpg 78 23 10 66 58
test/00000291.jpg 27 52 19 85 72
test/00000292.jpg 88 14 22 11 23
test/00000293.jpg 42 43 56 49 7
test/00000294.jpg 66 64 49 69 63
test/00000295.jpg 45 13 69 63 10
test/00000296.jpg 50 72 81 47 19
test/00000297.jpg 54 7 37 14 26
test/00000298.jpg 98 68 97 29 57
test/00000299.jpg 66 25 90 1 52
test/00000300.jpg 23 14 66 49 78
test/00000301.jpg 70 54 17 58 66
test/00000302.jpg 74 73 25 30 27
test/00000303.jpg 71 94 85 3 0
test/00000304.jpg 59 11 62 63 38
test/00000305.jpg 70 33 48 38 37
test/00000306.jpg 23 8 88 78 66
test/00000307.jpg 54 17 18 23 6
test/00000308.jpg 11 63 6 90 41
test/00000309.jpg 44 9 96 80 97
test/00000310.jpg 80 43 55 96 77
test/00000311.jpg 90 25 5 30 1
test/00000312.jpg 56 89 7 39 96
test/00000313.jpg 4 98 68 57 85
test/00000314.jpg 18 62 83 16 59
test/00000315.jpg 99 51 21 30 77
test/00000316.jpg 84 27 96 31 21
test/00000317.jpg 55 98 4 44 97
test/00000318.jpg 32 94 67 71 0
test/00000319.jpg 35 61 24 44 52
test/00000320.jpg 40 97 61 77 68
test/00000321.jpg 57 35 61 44 98
test/00000322.jpg 70 54 59 45 38
test/00000323.jpg 6 18 16 45 83
test/00000324.jpg 1 59 22 23 63
test/00000325.jpg 72 47 94 65 23
test/00000326.jpg 93 54 10 7 28
test/00000327.jpg 12 77 92 40 21
test/00000328.jpg 54 17 58 26 38
test/00000329.jpg 57 98 68 84 35
test/00000330.jpg 28 26 91 65 95
test/00000331.jpg 9 97 44 29 98
test/00000332.jpg 40 61 82 51 5
test/00000333.jpg 82 31 30 51 99
test/00000334.jpg 12 21 79 92 77
test/00000335.jpg 6 64 34 60 17
test/00000336.jpg 34 88 28 74 6
test/00000337.jpg 88 41 14 8 64
test/00000338.jpg 32 67 61 39 0
test/00000339.jpg 8 45 63 14 78
test/00000340.jpg 56 84 60 82 46
test/00000341.jpg 46 79 77 21 53
test/00000342.jpg 8 14 69 45 78
test/00000343.jpg 54 26 18 83 45
test/00000344.jpg 26 91 10 69 28
test/00000345.jpg 66 50 47 23 5
test/00000346.jpg 72 53 42 46 52
test/00000347.jpg 29 80 9 0 67
test/00000348.jpg 81 52 61 24 50
test/00000349.jpg 24 51 92 72 43
test/00000350.jpg 62 70 18 6 52
test/00000351.jpg 4 22 88 41 13
test/00000352.jpg 30 2 96 9 0
test/00000353.jpg 41 18 59 6 16
test/00000354.jpg 25 1 90 63 37
test/00000355.jpg 78 48 26 17 63
test/00000356.jpg 8 45 13 33 38
test/00000357.jpg 2 9 86 29 44
test/00000358.jpg 54 37 78 22 10
test/00000359.jpg 51 75 15 87 40
test/00000360.jpg 15 22 11 44 90
test/00000361.jpg 98 52 53 68 97
test/00000362.jpg 58 91 28 8 65
test/00000363.jpg 23 14 88 11 13
test/00000364.jpg 16 59 54 62 83
test/00000365.jpg 61 82 67 0 98
test/00000366.jpg 59 70 90 16 60
test/00000367.jpg 32 67 85 0 39
test/00000368.jpg 45 38 62 8 63
test/00000369.jpg 85 89 76 73 39
test/00000370.jpg 31 32 67 76 53
test/00000371.jpg 15 96 95 74 86
test/00000372.jpg 5 71 32 82 0
test/00000373.jpg 59 70 66 23 64
test/00000374.jpg 52 32 61 71 19
test/00000375.jpg 18 62 38 70 59
test/00000376.jpg 99 31 82 42 21
test/00000377.jpg 92 27 74 99 12
test/00000378.jpg 45 62 59 38 18
test/00000379.jpg 1 25 48 27 90
test/00000380.jpg 41 83 59 64 63
test/00000381.jpg 43 82 99 30 97
test/00000382.jpg 52 24 84 56 79
test/00000383.jpg 92 79 97 68 5
test/00000384.jpg 87 75 15 95 51
test/00000385.jpg 71 32 0 67 94
test/00000386.jpg 1 25 5 34 89
test/00000387.jpg 54 96 86 7 76
test/00000388.jpg 23 66 88 11 14
test/00000389.jpg 80 19 26 10 37
test/00000390.jpg 51 53 79 35 68
test/00000391.jpg 36 65 19 76 72
test/00000392.jpg 45 59 54 25 17
test/00000393.jpg 96 80 9 86 29
test/00000394.jpg 3 61 40 35 67
test/00000395.jpg 16 83 59 60 6
test/00000396.jpg 18 58 54 62 38
test/00000397.jpg 55 16 83 53 35
test/00000398.jpg 16 45 59 54 38
test/00000399.jpg 81 53 79 52 24
test/00000400.jpg 74 58 95 34 25
test/00000401.jpg 52 68 35 86 87
test/00000402.jpg 27 15 99 87 29
test/00000403.jpg 4 57 68 98 35
test/00000404.jpg 98 57 68 97 35
test/00000405.jpg 8 48 23 78 14
test/00000406.jpg 63 69 8 78 48
test/00000407.jpg 4 55 69 54 10
test/00000408.jpg 34 12 40 20 92
test/00000409.jpg 38 33 70 60 34
test/00000410.jpg 63 45 48 37 10
test/00000411.jpg 7 86 52 96 29
test/00000412.jpg 23 48 66 37 64
test/00000413.jpg 75 95 27 74 96
test/00000414.jpg 95 87 74 11 22
test/00000415.jpg 56 84 95 87 28
test/00000416.jpg 72 86 76 2 39
test/00000417.jpg 62 64 18 63 38
test/00000418.jpg 44 97 40 9 35
test/00000419.jpg 44 16 69 60 6
test/00000420.jpg 83 64 16 41 60
test/00000421.jpg 23 66 78 8 56
test/00000422.jpg 95 26 28 65 3
test/00000423.jpg 32 67 0 61 50
test/00000424.jpg 83 64 41 73 89
test/00000425.jpg 16 41 42 83 64
test/00000426.jpg 47 72 65 73 46
test/00000427.jpg 15 19 87 27 72
test/00000428.jpg 65 66 28 13 91
test/00000429.jpg 20 89 34 14 69
test/00000430.jpg 9 2 29 97 86
test/00000431.jpg 28 91 47 65 3
test/00000432.jpg 67 32 0 42 71
test/00000433.jpg 51 15 87 95 81
test/00000434.jpg 32 67 5 0 31
test/00000435.jpg 59 83 16 60 90
test/00000436.jpg 97 29 68 98 9
test/00000437.jpg 51 79 97 92 68
test/00000438.jpg 35 57 81 93 31
test/00000439.jpg 50 47 19 76 72
test/00000440.jpg 91 28 10 65 20
test/00000441.jpg 4 57 93 1 88
test/00000442.jpg 98 97 9 44 68
test/00000443.jpg 15 95 51 27 87
test/00000444.jpg 89 41 83 69 6
test/00000445.jpg 56 84 81 7 72
test/00000446.jpg 44 9 98 97 55
test/00000447.jpg 50 60 49 89 59
test/00000448.jpg 92 93 79 77 12
test/00000449.jpg 93 80 55 57 4
test/00000450.jpg 94 67 81 71 75
test/00000451.jpg 37 23 78 59 38
test/00000452.jpg 54 10 13 58 15
test/00000453.jpg 21 77 36 30 73
test/00000454.jpg 96 46 30 99 82
test/00000455.jpg 23 88 15 87 14
test/00000456.jpg 41 90 73 64 82
test/00000457.jpg 20 33 7 91 45
test/00000458.jpg 90 76 8 89 86
test/00000459.jpg 38 70 33 45 13
test/00000460.jpg 29 2 9 97 80
test/00000461.jpg 28 65 91 3 21
test/00000462.jpg 12 83 74 85 64
test/00000463.jpg 63 64 20 48 13
test/00000464.jpg 54 18 16 83 46
test/00000465.jpg 98 43 80 68 97
test/00000466.jpg 4 8 36 3 21
test/00000467.jpg 52 6 71 24 53
test/00000468.jpg 29 40 68 80 97
test/00000469.jpg 64 22 25 90 20
test/00000470.jpg 91 59 20 48 10
test/00000471.jpg 88 23 11 14 8
test/00000472.jpg 12 92 77 21 40
test/00000473.jpg 20 28 10 58 26
test/00000474.jpg 85 32 67 61 0
test/00000475.jpg 44 9 29 96 40
test/00000476.jpg 83 59 41 89 45
test/00000477.jpg 76 44 53 79 72
test/00000478.jpg 45 59 33 70 63
test/00000479.jpg 29 9 2 97 44
test/00000480.jpg 51 97 40 81 9
test/00000481.jpg 88 25 1 70 13
test/00000482.jpg 53 76 75 74 72
test/00000483.jpg 54 38 66 33 17
test/00000484.jpg 48 1 7 91 65
test/00000485.jpg 52 2 86 19 39
test/00000486.jpg 38 33 45 13 78
test/00000487.jpg 26 96 17 10 23
test/00000488.jpg 21 99 4 30 77
test/00000489.jpg 87 15 74 51 22
test/00000490.jpg 13 14 1 28 48
test/00000491.jpg 47 23 64 72 14
test/00000492.jpg 93 95 35 57 3
test/00000493.jpg 58 20 63 34 28
test/00000494.jpg 85 3 52 83 41
test/00000495.jpg 23 15 66 22 58
test/00000496.jpg 14 10 26 20 91
test/00000497.jpg 85 8 49 52 24
test/00000498.jpg 96 84 19 76 39
test/00000499.jpg 93 56 92 49 54
test/00000500.jpg 75 6 87 88 3
test/00000501.jpg 25 3 54 84 66
test/00000502.jpg 90 12 85 73 5
test/00000503.jpg 45 62 41 18 59
test/00000504.jpg 55 9 43 35 97
test/00000505.jpg 73 25 20 85 34
test/00000506.jpg 94 71 67 31 0
test/00000507.jpg 7 91 48 90 65
test/00000508.jpg 27 98 77 61 4
test/00000509.jpg 91 28 48 10 20
test/00000510.jpg 85 84 83 3 61
test/00000511.jpg 74 3 65 94 28
test/00000512.jpg 18 83 16 54 64
test/00000513.jpg 77 21 40 99 91
test/00000514.jpg 81 51 53 15 61
test/00000515.jpg 81 51 75 15 44
test/00000516.jpg 30 77 36 99 92
test/00000517.jpg 51 15 87 27 22
test/00000518.jpg 8 88 14 23 78
test/00000519.jpg 66 11 22 34 14
test/00000520.jpg 73 47 34 64 50
test/00000521.jpg 52 53 65 72 24
test/00000522.jpg 56 88 36 14 23
test/00000523.jpg 25 1 36 84 56
test/00000524.jpg 42 82 5 26 0
test/00000525.jpg 23 47 50 73 22
test/00000526.jpg 66 33 56 23 34
test/00000527.jpg 65 28 33 86 58
test/00000528.jpg 62 18 59 38 54
test/00000529.jpg 30 82 77 96 43
test/00000530.jpg 59 18 45 38 62
test/00000531.jpg 80 98 4 44 29
test/00000532.jpg 11 59 13 63 60
test/00000533.jpg 67 71 32 94 85
test/00000534.jpg 96 7 19 76 55
test/00000535.jpg 56 54 70 60 50
test/00000536.jpg 56 95 75 84 87
test/00000537.jpg 41 54 89 17 26
test/00000538.jpg 81 76 53 2 61
test/00000539.jpg 41 83 64 16 6
test/00000540.jpg 23 20 45 34 28
test/00000541.jpg 96 30 5 43 39
test/00000542.jpg 76 96 9 40 2
test/00000543.jpg 11 88 14 4 8
test/00000544.jpg 16 18 59 83 41
test/00000545.jpg 22 59 60 70 62
test/00000546.jpg 68 40 98 97 9
test/00000547.jpg 38 62 18 61 70
test/00000548.jpg 47 28 23 64 73
test/00000549.jpg 57 35 52 84 61
test/00000550.jpg 13 91 63 77 10
test/00000551.jpg 57 52 1 35 19
test/00000552.jpg 18 16 54 83 62
test/00000553.jpg 92 79 43 5 55
test/00000554.jpg 10 62 59 78 26
test/00000555.jpg 80 96 29 86 89
test/00000556.jpg 54 70 62 18 17
test/00000557.jpg 59 16 83 18 45
test/00000558.jpg 97 68 29 9 80
test/00000559.jpg 57 98 35 61 68
test/00000560.jpg 95 15 23 87 81
test/00000561.jpg 23 48 64 66 14
test/00000562.jpg 92 25 12 77 1
test/00000563.jpg 52 47 50 85 39
test/00000564.jpg 35 16 55 57 43
test/00000565.jpg 44 9 97 68 80
test/00000566.jpg 22 58 15 66 93
test/00000567.jpg 56 66 84 11 60
test/00000568.jpg 12 4 77 92 41
test/00000569.jpg 21 77 87 40 75
test/00000570.jpg 0 82 77 5 98
test/00000571.jpg 95 87 65 27 15
test/00000572.jpg 81 23 75 22 33
test/00000573.jpg 9 5 44 29 67
test/00000574.jpg 9 44 53 97 51
test/00000575.jpg 11 8 89 69 58
test/00000576.jpg 57 98 35 19 93
test/00000577.jpg 25 59 45 70 66
test/00000578.jpg 94 71 0 67 32
test/00000579.jpg 57 35 68 98 97
test/00000580.jpg 9 29 96 97 43
test/00000581.jpg 87 15 75 40 51
test/00000582.jpg 76 61 86 97 98
test/00000583.jpg 56 60 25 64 41
test/00000584.jpg 45 63 8 38 48
test/00000585.jpg 76 86 93 74 72
test/00000586.jpg 36 25 72 90 59
test/00000587.jpg 31 80 65 84 21
test/00000588.jpg 8 14 23 66 78
test/00000589.jpg 54 7 10 33 99
test/00000590.jpg 54 38 70 33 60
test/00000591.jpg 3 81 52 87 75
test/00000592.jpg 8 13 38 11 45
test/00000593.jpg 84 56 57 68 98
test/00000594.jpg 50 47 1 34 60
test/00000595.jpg 2 43 5 9 68
test/00000596.jpg 35 81 52 61 55
test/00000597.jpg 48 28 91 58 65
test/00000598.jpg 18 45 62 38 59
test/00000599.jpg 20 91 90 63 28
test/00000600.jpg 12 92 46 27 53
test/00000601.jpg 95 73 47 74 50
test/00000602.jpg 44 9 29 97 96
test/00000603.jpg 18 41 83 16 54
test/00000604.jpg 63 45 28 13 69
test/00000605.jpg 80 4 98 5 29
test/00000606.jpg 85 32 3 39 61
test/00000607.jpg 16 54 18 17 83
test/00000608.jpg 30 34 36 7 2
test/00000609.jpg 97 98 55 43 77
test/00000610.jpg 14 37 25 59 70
test/00000611.jpg 26 28 10 65 91
test/00000612.jpg 63 1 47 45 69
test/00000613.jpg 83 16 64 60 6
test/00000614.jpg 85 49 42 61 39
test/00000615.jpg 82 5 0 42 39
test/00000616.jpg 37 78 59 90 13
test/00000617.jpg 4 80 96 9 27
test/00000618.jpg 31 5 94 82 0
test/00000619.jpg 91 28 26 65 10
test/00000620.jpg 54 16 18 10 59
test/00000621.jpg 22 15 87 91 95
test/00000622.jpg 16 18 62 83 59
test/00000623.jpg 20 25 65 14 7
test/00000624.jpg 18 62 59 41 38
test/00000625.jpg 84 50 82 5 56
test/00000626.jpg 93 71 31 79 92
test/00000627.jpg 65 66 75 7 36
test/00000628.jpg 66 23 11 14 13
test/00000629.jpg 80 29 16 98 18
test/00000630.jpg 30 49 27 46 53
test/00000631.jpg 88 23 25 66 22
test/00000632.jpg 65 96 91 21 28
test/00000633.jpg 33 70 58 17 10
test/00000634.jpg 85 32 71 0 67
test/00000635.jpg 8 11 23 13 88
test/00000636.jpg 70 38 17 33 54
test/00000637.jpg 97 53 68 98 85
test/00000638.jpg 0 71 32 67 85
test/00000639.jpg 16 83 41 6 64
test/00000640.jpg 61 89 44 85 98
test/00000641.jpg 61 32 67 85 19
test/00000642.jpg 23 66 58 95 75
test/00000643.jpg 75 15 2 81 51
test/00000644.jpg 46 42 32 99 67
test/00000645.jpg 35 51 52 98 61
test/00000646.jpg 16 41 83 18 64
test/00000647.jpg 45 73 26 59 62
test/00000648.jpg 12 92 74 27 40
test/00000649.jpg 26 13 28 88 34
test/00000650.jpg 0 5 80 9 96
test/00000651.jpg 18 45 62 38 54
test/00000652.jpg 80 29 9 94 76
test/00000653.jpg 21 49 77 99 55
test/00000654.jpg 3 74 15 21 51
test/00000655.jpg 54 17 60 45 10
test/00000656.jpg 70 25 1 38 37
test/00000657.jpg 51 75 40 74 30
test/00000658.jpg 8 27 24 88 53
test/00000659.jpg 65 88 20 26 37
test/00000660.jpg 25 1 13 41 14
test/00000661.jpg 28 91 13 20 45
test/00000662.jpg 44 61 35 97 81
test/00000663.jpg 47 50 31 71 42
test/00000664.jpg 84 61 52 56 81
test/00000665.jpg 65 7 13 1 91
test/00000666.jpg 77 21 12 92 99
test/00000667.jpg 38 19 18 81 33
test/00000668.jpg 30 99 82 0 92
test/00000669.jpg 83 16 18 59 64
test/00000670.jpg 54 18 70 17 45
test/00000671.jpg 75 72 31 74 51
test/00000672.jpg 61 76 94 67 71
test/00000673.jpg 80 29 0 94 71
test/00000674.jpg 79 46 55 92 99
test/00000675.jpg 22 21 13 88 87
test/00000676.jpg 3 2 68 85 94
test/00000677.jpg 73 34 64 47 50
test/00000678.jpg 26 23 8 28 59
test/00000679.jpg 73 47 20 50 28
test/00000680.jpg 43 35 57 52 56
test/00000681.jpg 12 40 77 21 92
test/00000682.jpg 13 48 63 78 59
test/00000683.jpg 61 82 9 40 44
test/00000684.jpg 12 77 92 46 30
test/00000685.jpg 85 61 52 19 3
test/00000686.jpg 1 48 33 8 25
test/00000687.jpg 2 68 94 76 29
test/00000688.jpg 58 64 33 66 54
test/00000689.jpg 84 56 4 66 57
test/00000690.jpg 27 86 94 49 39
test/00000691.jpg 18 62 83 16 41
test/00000692.jpg 83 43 90 85 55
test/00000693.jpg 88 98 14 11 8
test/00000694.jpg 4 57 19 35 16
test/00000695.jpg 5 40 9 77 92
test/00000696.jpg 48 91 28 20 78
test/00000697.jpg 15 87 95 75 27
test/00000698.jpg 42 39 2 71 76
test/00000699.jpg 61 16 83 59 18
test/00000700.jpg 46 56 42 27 31
test/00000701.jpg 87 15 22 75 90
test/00000702.jpg 59 18 38 17 60
test/00000703.jpg 76 40 9 2 96
test/00000704.jpg 58 66 11 28 13
test/00000705.jpg 14 48 63 11 37
test/00000706.jpg 93 57 35 61 84
test/00000707.jpg 0 86 67 42 30
test/00000708.jpg 59 58 33 60 54
test/00000709.jpg 57 4 93 80 35
test/00000710.jpg 15 51 87 95 75
test/00000711.jpg 95 74 58 87 23
test/00000712.jpg 54 66 58 33 18
test/00000713.jpg 14 41 11 8 62
test/00000714.jpg 59 6 83 63 16
test/00000715.jpg 31 82 0 5 67
test/00000716.jpg 28 91 20 63 65
test/00000717.jpg 84 43 57 98 68
test/00000718.jpg 98 35 57 68 97
test/00000719.jpg 17 18 11 33 62
test/00000720.jpg 59 60 70 16 45
test/00000721.jpg 44 9 40 98 55
test/00000722.jpg 2 9 97 29 68
test/00000723.jpg 57 19 81 95 1
test/00000724.jpg 61 81 51 35 0
test/00000725.jpg 73 47 34 64 50
test/00000726.jpg 93 65 31 19 52
test/00000727.jpg 95 11 58 87 15
test/00000728.jpg 53 61 32 67 76
test/00000729.jpg 71 94 67 0 32
test/00000730.jpg 4 77 21 3 36
test/00000731.jpg 15 87 75 51 95
test/00000732.jpg 50 81 72 47 53
test/00000733.jpg 44 55 9 97 43
test/00000734.jpg 17 60 34 64 56
test/00000735.jpg 47 23 72 8 66
test/00000736.jpg 89 60 30 34 45
test/00000737.jpg 44 9 97 68 29
test/00000738.jpg 47 31 73 50 67
test/00000739.jpg 59 45 62 18 63
test/00000740.jpg 92 79 46 24 72
test/00000741.jpg 96 19 76 27 74
test/00000742.jpg 95 57 84 52 19
test/00000743.jpg 46 27 79 74 55
test/00000744.jpg 23 66 48 33 45
test/00000745.jpg 74 82 27 21 30
test/00000746.jpg 43 55 35 79 44
test/00000747.jpg 82 43 96 2 5
test/00000748.jpg 97 68 98 9 29
test/00000749.jpg 21 91 77 31 30
test/00000750.jpg 2 96 76 87 9
test/00000751.jpg 30 96 12 5 99
test/00000752.jpg 20 45 37 58 28
test/00000753.jpg 44 61 98 9 80
test/00000754.jpg 59 58 45 33 62
test/00000755.jpg 97 98 68 40 51
test/00000756.jpg 7 36 4 54 60
test/00000757.jpg 98 88 24 49 8
test/00000758.jpg 35 44 97 81 61
test/00000759.jpg 63 41 62 38 18
test/00000760.jpg 62 63 45 59 17
test/00000761.jpg 25 20 12 0 85
test/00000762.jpg 0 45 32 67 42
test/00000763.jpg 83 41 44 16 6
test/00000764.jpg 47 58 64 72 56
test/00000765.jpg 11 13 23 66 8
test/00000766.jpg 97 9 98 68 29
test/00000767.jpg 99 21 77 82 31
test/00000768.jpg 50 47 72 53 56
test/00000769.jpg 65 86 27 74 37
test/00000770.jpg 68 57 98 97 84
test/00000771.jpg 70 59 73 60 37
test/00000772.jpg 0 94 31 42 67
test/00000773.jpg 94 65 31 3 67
test/00000774.jpg 80 61 27 68 29
test/00000775.jpg 88 14 11 23 3
test/00000776.jpg 58 33 25 70 66
test/00000777.jpg 83 16 60 18 64
test/00000778.jpg 51 97 98 68 9
test/00000779.jpg 14 23 11 70 78
test/00000780.jpg 75 81 27 51 87
test/00000781.jpg 16 83 85 33 89
test/00000782.jpg 41 89 18 83 69
test/00000783.jpg 52 3 24 72 19
test/00000784.jpg 49 0 82 89 30
test/00000785.jpg 60 90 64 6 73
test/00000786.jpg 72 85 52 19 76
test/00000787.jpg 34 11 13 4 1
test/00000788.jpg 66 80 11 29 44
test/00000789.jpg 29 97 9 44 40
test/00000790.jpg 74 25 60 73 1
test/00000791.jpg 76 86 39 96 94
test/00000792.jpg 58 54 33 28 62
test/00000793.jpg 60 19 36 1 56
test/00000794.jpg 15 75 87 1 95
test/00000795.jpg 46 30 90 72 1
test/00000796.jpg 31 94 67 32 80
test/00000797.jpg 33 38 59 54 18
test/00000798.jpg 6 60 83 17 16
test/00000799.jpg 45 17 6 59 62
test/00000800.jpg 61 52 57 84 85
test/00000801.jpg 1 48 25 34 91
test/00000802.jpg 83 16 18 60 64
test/00000803.jpg 86 55 39 43 2
test/00000804.jpg 36 8 88 14 23
test/00000805.jpg 92 77 12 21 40
test/00000806.jpg 87 51 75 15 95
test/00000807.jpg 83 55 44 16 98
test/00000808.jpg 35 55 98 44 81
test/00000809.jpg 85 76 96 44 89
test/00000810.jpg 43 55 96 30 83
test/00000811.jpg 29 9 44 80 96
test/00000812.jpg 48 33 58 28 22
test/00000813.jpg 86 87 4 96 28
test/00000814.jpg 16 83 18 62 54
test/00000815.jpg 4 54 55 80 35
test/00000816.jpg 66 23 8 28 22
test/00000817.jpg 62 38 70 45 18
test/00000818.jpg 9 29 80 43 96
test/00000819.jpg 42 67 43 0 71
test/00000820.jpg 7 25 41 36 4
test/00000821.jpg 68 40 98 9 97
test/00000822.jpg 61 0 30 32 98
test/00000823.jpg 4 87 19 3 57
test/00000824.jpg 48 7 33 91 65
test/00000825.jpg 31 26 42 47 91
test/00000826.jpg 83 16 60 89 41
test/00000827.jpg 47 71 32 67 0
test/00000828.jpg 8 22 20 14 13
test/00000829.jpg 30 82 73 46 42
test/00000830.jpg 60 50 6 70 1
test/00000831.jpg 58 33 65 34 28
test/00000832.jpg 62 70 54 33 59
test/00000833.jpg 23 88 8 3 66
test/00000834.jpg 95 74 23 73 66
test/00000835.jpg 36 1 48 66 65
test/00000836.jpg 62 59 38 18 70
test/00000837.jpg 7 33 86 65 27
test/00000838.jpg 94 31 0 67 71
test/00000839.jpg 91 48 65 7 66
test/00000840.jpg 66 60 54 70 7
test/00000841.jpg 40 21 77 92 99
test/00000842.jpg 57 84 35 98 68
test/00000843.jpg 21 4 51 90 11
test/00000844.jpg 75 95 27 96 15
test/00000845.jpg 61 32 67 94 31
test/00000846.jpg 32 42 47 0 71
test/00000847.jpg 87 15 75 1 3
test/00000848.jpg 0 90 92 42 69
test/00000849.jpg 44 9 40 96 97
test/00000850.jpg 21 31 27 5 67
test/00000851.jpg 75 51 30 99 87
test/00000852.jpg 58 33 28 54 91
test/00000853.jpg 46 82 99 54 76
test/00000854.jpg 87 21 3 7 40
test/00000855.jpg 3 75 71 0 40
test/00000856.jpg 41 89 83 0 16
test/00000857.jpg 11 22 64 66 34
test/00000858.jpg 28 20 26 13 94
test/00000859.jpg 4 54 64 58 16
test/00000860.jpg 2 46 96 55 79
test/00000861.jpg 0 32 67 71 42
test/00000862.jpg 48 20 34 42 60
test/00000863.jpg 51 31 30 75 0
test/00000864.jpg 96 36 89 30 5
test/00000865.jpg 27 82 30 74 96
test/00000866.jpg 48 63 37 45 65
test/00000867.jpg 59 62 54 18 13
test/00000868.jpg 77 12 92 21 79
test/00000869.jpg 9 29 97 96 35
test/00000870.jpg 72 46 53 2 47
test/00000871.jpg 77 96 4 29 21
test/00000872.jpg 54 64 25 51 90
test/00000873.jpg 88 22 14 11 23
test/00000874.jpg 16 83 6 18 70
test/00000875.jpg 55 96 9 97 43
test/00000876.jpg 13 38 78 17 14
test/00000877.jpg 20 34 28 42 37
test/00000878.jpg 93 80 35 97 3
test/00000879.jpg 73 14 56 88 34
test/00000880.jpg 94 31 80 32 67
test/00000881.jpg 8 36 88 14 87
test/00000882.jpg 6 70 37 17 63
test/00000883.jpg 48 10 28 91 13
test/00000884.jpg 41 8 73 76 89
test/00000885.jpg 76 85 0 94 86
test/00000886.jpg 48 91 20 1 28
test/00000887.jpg 9 44 98 97 68
test/00000888.jpg 45 25 20 28 37
test/00000889.jpg 95 87 75 15 19
test/00000890.jpg 59 18 62 63 64
test/00000891.jpg 91 65 13 77 99
test/00000892.jpg 77 4 96 92 51
test/00000893.jpg 28 3 91 47 65
test/00000894.jpg 55 30 9 92 83
test/00000895.jpg 84 83 54 19 18
test/00000896.jpg 90 36 46 15 1
test/00000897.jpg 58 10 54 26 91
test/00000898.jpg 36 25 89 1 7
test/00000899.jpg 76 39 82 86 96
test/00000900.jpg 98 96 9 55 44
test/00000901.jpg 36 14 8 7 34
test/00000902.jpg 84 98 44 68 97
test/00000903.jpg 83 6 11 16 41
test/00000904.jpg 92 3 24 42 39
test/00000905.jpg 31 80 68 55 97
test/00000906.jpg 70 62 59 38 45
test/00000907.jpg 82 30 99 51 92
test/00000908.jpg 15 87 51 95 81
test/00000909.jpg 70 58 38 45 62
test/00000910.jpg 84 57 56 68 81
test/00000911.jpg 50 32 67 0 31
test/00000912.jpg 29 80 9 26 97
test/00000913.jpg 20 28 91 47 10
test/00000914.jpg 29 97 68 9 98
test/00000915.jpg 60 19 17 54 6
test/00000916.jpg 85 76 82 47 61
test/00000917.jpg 34 45 20 37 78
test/00000918.jpg 85 52 2 24 49
test/00000919.jpg 21 51 99 97 77
test/00000920.jpg 44 80 11 98 29
test/00000921.jpg 40 21 77 92 97
test/00000922.jpg 24 77 79 55 30
test/00000923.jpg 28 91 48 10 65
test/00000924.jpg 32 0 71 85 67
test/00000925.jpg 72 7 65 52 46
test/00000926.jpg 18 54 16 59 83
test/00000927.jpg 84 30 44 43 83
test/00000928.jpg 59 60 45 70 56
test/00000929.jpg 46 2 56 39 72
test/00000930.jpg 21 27 51 30 99
test/00000931.jpg 98 9 97 68 40
test/00000932.jpg 83 16 18 62 59
test/00000933.jpg 87 88 76 4 11
test/00000934.jpg 13 48 78 11 63
test/00000935.jpg 58 33 17 54 70
test/00000936.jpg 25 7 65 58 70
test/00000937.jpg 98 68 97 61 24
test/00000938.jpg 95 87 15 74 75
test/00000939.jpg 51 21 27 2 40
test/00000940.jpg 15 11 95 87 75
test/00000941.jpg 85 61 52 19 53
test/00000942.jpg 87 75 15 51 95
test/00000943.jpg 11 23 66 22 90
test/00000944.jpg 21 77 92 99 30
test/00000945.jpg 46 82 99 27 5
test/00000946.jpg 95 27 15 74 87
test/00000947.jpg 27 12 77 76 92
test/00000948.jpg 26 45 70 37 59
test/00000949.jpg 94 32 61 67 44
test/00000950.jpg 1 25 48 50 63
test/00000951.jpg 6 64 83 63 18
test/00000952.jpg 40 51 21 97 9
test/00000953.jpg 40 12 21 77 92
test/00000954.jpg 4 36 57 84 19
test/00000955.jpg 83 16 64 6 41
test/00000956.jpg 23 3 47 87 22
test/00000957.jpg 95 74 96 76 7
test/00000958.jpg 85 98 68 29 80
test/00000959.jpg 24 76 39 72 52
test/00000960.jpg 47 65 48 31 7
test/00000961.jpg 10 28 26 48 91
test/00000962.jpg 36 89 42 86 70
test/00000963.jpg 53 79 43 72 24
test/00000964.jpg 11 63 1 69 48
test/00000965.jpg 80 54 10 19 29
test/00000966.jpg 47 50 94 31 42
test/00000967.jpg 91 21 65 28 10
test/00000968.jpg 83 16 6 54 18
test/00000969.jpg 43 93 84 5 56
test/00000970.jpg 85 52 39 61 71
test/00000971.jpg 48 91 13 28 20
test/00000972.jpg 94 74 86 21 27
test/00000973.jpg 84 56 76 31 71
test/00000974.jpg 12 92 77 21 85
test/00000975.jpg 16 83 43 18 49
test/00000976.jpg 18 45 62 17 16
test/00000977.jpg 23 8 11 14 66
test/00000978.jpg 29 98 9 97 68
test/00000979.jpg 51 40 9 76 92
test/00000980.jpg 56 84 74 95 34
test/00000981.jpg 28 91 58 65 26
test/00000982.jpg 16 57 98 35 24
test/00000983.jpg 98 4 27 88 68
test/00000984.jpg 60 39 86 50 7
test/00000985.jpg 2 21 92 97 40
test/00000986.jpg 78 13 8 14 37
test/00000987.jpg 25 60 66 70 36
test/00000988.jpg 14 65 20 48 91
test/00000989.jpg 45 62 78 38 70
test/00000990.jpg 62 18 70 58 20
test/00000991.jpg 85 71 32 5 88
test/00000992.jpg 87 15 75 51 95
test/00000993.jpg 91 21 78 1 28
test/00000994.jpg 36 4 8 39 42
test/00000995.jpg 95 87 75 15 58
test/00000996.jpg 50 31 94 67 47
test/00000997.jpg 20 14 78 73 45
test/00000998.jpg 27 72 65 3 74
test/00000999.jpg 35 68 57 29 55
test/00001000.jpg 10 37 54 16 38
